Geração: 0

--Bias_EO-- 
[[ 0.19378824]
 [-0.31372661]
 [-0.08919091]
 [-0.97365227]
 [ 0.36652463]]

--Bias_OS--
[[0.76926511]]

--Pesos_EO--
[[-0.78391426 -0.33180994  1.19979283  1.60997552  0.192528  ]
 [-0.72728779  0.43306586 -1.3325562  -1.73515051  0.69206233]
 [ 0.9398442  -0.29973703 -0.28910078 -0.39029906 -0.3081866 ]
 [ 0.24569887 -0.345839   -0.5049702   0.91042466  1.06532783]
 [ 0.97486771  0.54702741 -0.18001014 -0.78297709 -0.84511654]]

--Pesos_OS--
[[ 1.31571227  0.5437698  -2.46375402 -0.90260766  1.54148222]]



Geração: 1

--Bias_EO-- 
[[ 0.19378824]
 [-0.31372661]
 [-0.08919091]
 [-0.97365227]
 [ 0.36652463]]

--Bias_OS--
[[0.45287443]]

--Pesos_EO--
[[-0.78391426 -0.33180994  1.19979283  1.60997552  0.192528  ]
 [-0.72728779  0.43306586 -1.3325562  -1.73515051  0.69206233]
 [ 0.9398442  -0.29973703 -0.28910078 -0.39029906 -0.3081866 ]
 [ 0.24569887 -0.345839   -0.5049702   0.91042466  1.06532783]
 [ 0.97486771  0.54702741 -0.18001014 -0.78297709 -0.84511654]]

--Pesos_OS--
[[ 1.31571227  0.5437698  -2.46375402 -0.90260766  1.54148222]]



Geração: 2

--Bias_EO-- 
[[ 0.19378824]
 [-0.1320437 ]
 [-0.08919091]
 [-0.97365227]
 [-0.98162218]]

--Bias_OS--
[[0.02046259]]

--Pesos_EO--
[[-0.78391426  0.66157465  1.19979283  1.60997552  0.192528  ]
 [-0.72728779  0.43306586 -1.3325562  -1.73515051  0.69206233]
 [ 0.9398442  -0.29973703 -0.28910078 -0.39029906 -0.3081866 ]
 [ 0.24569887 -0.345839   -0.5049702  -0.92115958  1.06532783]
 [ 0.97486771  0.54702741 -0.18001014 -0.78297709 -0.84511654]]

--Pesos_OS--
[[ 1.31571227  0.5437698  -2.46375402 -0.90260766  1.54148222]]



Geração: 3

--Bias_EO-- 
[[ 0.19378824]
 [ 0.46804909]
 [ 0.49178884]
 [-1.29314534]
 [ 0.06302603]]

--Bias_OS--
[[0.49637115]]

--Pesos_EO--
[[-0.78391426  0.66157465  1.19979283  1.60997552  0.192528  ]
 [-0.72728779  0.43306586 -1.3325562  -1.73515051  0.69206233]
 [ 0.9398442  -0.29973703  0.32275321 -0.39029906 -0.3081866 ]
 [ 0.24569887 -0.345839   -0.5049702  -0.2388788   1.06532783]
 [ 0.97486771  0.54702741 -0.18001014 -0.78297709 -0.84511654]]

--Pesos_OS--
[[ 1.31571227  0.5437698  -2.46375402 -0.90260766  1.54148222]]



